0 520.283
24.2521 26973.6
48.5043 23442.9
72.7564 13344
121.261 531.431
145.513 -1154.04
169.765 -1173.31
194.017 -535.018
218.269 157.482
242.521 643.771
266.773 880.591
291.026 928.407
315.278 874.397
363.782 724.334
388.034 690.168
412.286 687.7
436.538 706.26
460.79 733.338
485.043 759.08
509.295 778.026
533.547 788.879
557.799 793.232
582.051 794.011
606.303 794.158
630.555 795.797
654.807 799.906
679.06 806.415
727.564 823.176
751.816 831.308
776.068 838.201
800.32 843.518
848.825 849.729
873.077 851.226
897.329 852.075
921.581 852.471
970.085 852.031
994.337 851.07
1018.59 849.553
1042.84 847.544
1091.35 842.956
1115.6 841.067
1139.85 839.938
1164.1 839.84
1188.35 840.873
1212.61 842.933
1236.86 845.713
1261.11 848.748
1285.36 851.493
1309.61 853.431
1333.87 854.17
1358.12 853.528
1382.37 851.572
1406.62 848.616
1430.88 845.163
1455.13 841.81
1479.38 839.132
1503.63 837.56
1527.88 837.293
1552.14 838.249
1576.39 840.078
1600.64 842.236
1624.89 844.095
1649.14 845.086
1673.4 844.822
1697.65 843.186
1721.9 840.346
1746.15 836.692
1770.41 832.711
1794.66 828.811
1818.91 825.157
1843.16 821.573
1867.41 817.545
1891.67 812.363
1915.92 805.385
1940.17 796.351
1964.42 785.644
1988.67 774.345
2012.93 763.965
2037.18 755.757
2061.43 749.698
2085.68 743.367
2109.94 731.217
2134.19 704.888
2158.44 655.279
2182.69 576.86
2206.94 474.011
2231.2 367.952
2255.45 301.045
2279.7 333.203
2303.95 523.718
2328.2 892.832
2352.46 1364.15
2376.71 1707.25
2425.21 516.879
2435.88 -169.6
2446.55 -854.856
2457.23 -1293.37
