0 404.654
6.66377 4.01757e+06
13.3275 7.03558e+06
19.9913 9.22358e+06
26.6551 1.07274e+07
33.3188 1.16724e+07
39.9826 1.21658e+07
46.6464 1.22989e+07
53.3101 1.21495e+07
59.9739 1.17828e+07
66.6377 1.12538e+07
73.3014 1.06083e+07
79.9652 9.88406e+06
86.629 9.11214e+06
93.2927 8.31765e+06
99.9565 7.52071e+06
106.62 6.73715e+06
113.284 5.97917e+06
119.948 5.2559e+06
126.612 4.57392e+06
133.275 3.93767e+06
139.939 3.34985e+06
146.603 2.81172e+06
153.267 2.32337e+06
159.93 1.88401e+06
166.594 1.49209e+06
173.258 1.14557e+06
179.922 841989
186.585 578617
193.249 352557
206.577 414.819
213.241 -131641
219.904 -238236
226.568 -322150
233.232 -386030
239.896 -432367
246.559 -463489
253.223 -481551
259.887 -488534
266.551 -486243
273.214 -476314
279.878 -460216
286.542 -439260
293.206 -414603
299.869 -387264
306.533 -358126
313.197 -327949
319.861 -297383
326.525 -266971
333.188 -237163
339.852 -208325
346.516 -180749
353.18 -154657
359.843 -130212
366.507 -107528
373.171 -86672.6
379.835 -67674.1
386.498 -50529.8
393.162 -35209.7
399.826 -21661.4
413.154 414.903
419.817 9121.69
426.481 16408
433.145 22380.7
439.809 27149.6
446.472 30824.5
453.136 33514.8
459.8 35326.9
466.464 36364.1
473.127 36725
479.791 36503
486.455 35786.2
493.119 34656.2
499.782 33188.8
506.446 31453.1
513.11 29512.1
519.774 27422.5
526.438 25234.7
533.101 22993.4
539.765 20737.5
546.429 18500.7
553.093 16311.6
559.756 14194.1
566.42 12167.7
573.084 10248.1
579.748 8447.21
586.411 6773.8
593.075 5233.62
599.739 3829.88
606.403 2563.51
619.73 436.994
626.394 -429.999
633.058 -1172.83
639.722 -1797.75
646.385 -2311.72
653.049 -2722.26
659.713 -3037.26
666.377 -3264.81
673.04 -3413.12
679.704 -3490.33
686.368 -3504.48
693.032 -3463.37
699.695 -3374.55
706.359 -3245.17
713.023 -3082.04
719.687 -2891.51
726.351 -2679.48
733.014 -2451.4
739.678 -2212.23
746.342 -1966.45
753.006 -1718.07
759.669 -1470.62
766.333 -1227.21
772.997 -990.493
779.661 -762.718
786.324 -545.746
792.988 -341.073
799.652 -149.862
806.316 27.0383
812.98 189.059
826.307 467.436
832.971 583.823
839.635 685.337
846.298 772.421
852.962 845.645
859.626 905.682
866.29 953.292
872.953 989.298
879.617 1014.57
886.281 1030.02
892.945 1036.56
899.608 1035.11
906.272 1026.59
912.936 1011.9
919.6 991.909
926.264 967.453
932.927 939.329
939.591 908.289
946.255 875.035
952.919 840.216
959.582 804.431
966.246 768.222
972.91 732.075
979.574 696.423
986.237 661.645
992.901 628.068
999.565 595.968
1006.23 565.575
1012.89 537.071
1019.56 510.598
1032.88 464.116
1039.55 444.204
1046.21 426.526
1052.88 411.056
1059.54 397.748
1066.2 386.534
1072.87 377.33
1079.53 370.035
1086.19 364.539
1092.86 360.721
1099.52 358.455
1106.19 357.608
1112.85 358.048
1119.51 359.639
1126.18 362.247
1132.84 365.74
1139.5 369.992
1146.17 374.879
1152.83 380.284
1159.5 386.095
1166.16 392.209
1172.82 398.53
1179.49 404.968
1186.15 411.443
1192.81 417.881
1199.48 424.219
1206.14 430.4
1212.81 436.374
1219.47 442.1
1226.13 447.542
1239.46 457.474
1246.12 461.926
1252.79 466.019
1259.45 469.749
1266.12 473.114
1272.78 476.118
1279.44 478.767
1286.11 481.071
1292.77 483.041
1299.43 484.692
1306.1 486.041
1312.76 487.103
1319.43 487.898
1326.09 488.444
1332.75 488.76
1339.42 488.865
1346.08 488.779
1352.74 488.52
1359.41 488.107
1366.07 487.556
1372.74 486.884
1379.4 486.107
1386.06 485.239
1392.73 484.294
1399.39 483.284
1406.05 482.222
1412.72 481.116
1419.38 479.976
1426.05 478.812
1432.71 477.629
1446.04 475.236
1452.7 474.036
1459.36 472.839
1466.03 471.65
1472.69 470.471
1479.36 469.306
1486.02 468.157
1492.68 467.025
1499.35 465.914
1506.01 464.825
1512.67 463.759
1519.34 462.719
1526 461.706
1532.67 460.722
1539.33 459.769
1545.99 458.849
1552.66 457.964
1559.32 457.116
1565.99 456.307
1572.65 455.541
1579.31 454.819
1585.98 454.144
1592.64 453.52
1599.3 452.948
1605.97 452.432
1612.63 451.974
1619.3 451.577
1625.96 451.244
1632.62 450.977
1639.29 450.778
1652.61 450.593
1659.28 450.61
1665.94 450.702
1672.61 450.87
1679.27 451.114
1685.93 451.434
1692.6 451.829
1699.26 452.3
1705.92 452.844
1712.59 453.461
1719.25 454.146
1725.92 454.899
1732.58 455.715
1739.24 456.591
1745.91 457.524
1752.57 458.507
1759.23 459.538
1765.9 460.609
1772.56 461.716
1779.23 462.854
1785.89 464.015
1792.55 465.193
1799.22 466.382
1805.88 467.576
1812.54 468.767
1819.21 469.949
1825.87 471.116
1832.54 472.26
1839.2 473.375
1845.86 474.455
1859.19 476.487
1865.85 477.427
1872.52 478.31
1879.18 479.131
1885.85 479.885
1892.51 480.57
1899.17 481.181
1905.84 481.717
1912.5 482.174
1919.16 482.552
1925.83 482.849
1932.49 483.065
1939.16 483.199
1945.82 483.254
1952.48 483.23
1959.15 483.129
1965.81 482.953
1972.47 482.706
1979.14 482.39
1985.8 482.011
1992.47 481.571
1999.13 481.077
2005.79 480.534
2012.46 479.946
2019.12 479.32
2025.79 478.661
2032.45 477.977
2039.11 477.273
2045.78 476.557
2052.44 475.833
2065.77 474.393
2072.43 473.689
2079.1 473.004
2085.76 472.344
2092.42 471.715
2099.09 471.121
2105.75 470.569
2112.41 470.063
2119.08 469.606
2125.74 469.203
2132.41 468.857
2139.07 468.571
2145.73 468.346
2152.4 468.185
2159.06 468.088
2165.72 468.056
2172.39 468.088
2179.05 468.185
2185.72 468.343
2192.38 468.562
2199.04 468.838
2205.71 469.17
2212.37 469.552
2219.03 469.98
2225.7 470.451
2232.36 470.958
2239.03 471.496
2245.69 472.059
2252.35 472.641
2259.02 473.234
2265.68 473.833
2272.34 474.428
2279.01 475.015
2285.67 475.584
2292.34 476.128
2299 476.64
2305.66 477.112
2312.33 477.537
2318.99 477.908
2325.65 478.217
2332.32 478.459
2338.98 478.625
2345.65 478.711
2352.31 478.71
2358.97 478.618
2365.64 478.429
2372.3 478.139
2378.96 477.746
2385.63 477.245
2392.29 476.634
2398.96 475.912
2405.62 475.077
2412.28 474.13
2418.95 473.07
2425.61 471.898
2432.27 470.617
2438.94 469.229
2445.6 467.737
2452.27 466.144
2458.93 464.456
2465.59 462.678
2472.26 460.816
2478.92 458.876
2485.58 456.865
2492.25 454.791
2498.91 452.663
2505.58 450.489
2512.24 448.278
2518.9 446.04
2525.57 443.784
2532.23 441.521
2538.9 439.261
2545.56 437.014
2552.22 434.792
2558.89 432.604
2565.55 430.462
2572.21 428.377
2578.88 426.358
2585.54 424.416
2592.21 422.561
2598.87 420.803
2605.53 419.151
2612.2 417.615
2618.86 416.202
2625.52 414.921
2632.19 413.78
2638.85 412.784
2645.52 411.941
2652.18 411.256
2658.84 410.733
2665.51 410.377
2672.17 410.19
2678.83 410.176
2685.5 410.336
2692.16 410.67
2698.83 411.179
2705.49 411.862
2712.15 412.716
2718.82 413.739
2725.48 414.928
2732.14 416.279
2738.81 417.785
2745.47 419.442
2752.14 421.243
2758.8 423.18
2765.46 425.245
2772.13 427.43
2778.79 429.725
2785.45 432.12
2792.12 434.606
2798.78 437.17
2805.45 439.801
2812.11 442.489
2818.77 445.221
2825.44 447.985
2832.1 450.769
2838.76 453.56
2845.43 456.345
2852.09 459.113
2858.76 461.851
2865.42 464.546
2872.08 467.187
2878.75 469.762
2885.41 472.259
2892.07 474.668
2898.74 476.978
2905.4 479.179
2912.07 481.261
2918.73 483.216
2925.39 485.035
2932.06 486.711
2938.72 488.238
2945.38 489.608
2952.05 490.817
2958.71 491.861
2965.38 492.736
2972.04 493.439
2978.7 493.969
2985.37 494.325
2992.03 494.506
2998.69 494.514
3005.36 494.351
3012.02 494.019
3018.69 493.522
3025.35 492.864
3032.01 492.051
3038.68 491.089
3045.34 489.984
3052.01 488.744
3058.67 487.378
3065.33 485.894
3072 484.301
3078.66 482.611
3085.32 480.833
3091.99 478.978
3098.65 477.058
3105.32 475.085
3111.98 473.071
3118.64 471.027
3125.31 468.966
3131.97 466.901
3138.63 464.844
3145.3 462.807
3151.96 460.803
3158.63 458.844
3165.29 456.941
3171.95 455.106
3178.62 453.351
3185.28 451.685
3191.94 450.12
3198.61 448.665
3205.27 447.329
3211.94 446.121
3218.6 445.048
3225.26 444.118
3231.93 443.338
3238.59 442.713
3245.25 442.247
3251.92 441.945
3258.58 441.811
3265.25 441.845
3271.91 442.051
3278.57 442.428
3285.24 442.977
3291.9 443.695
3298.56 444.582
3305.23 445.634
3311.89 446.848
3318.56 448.219
3325.22 449.742
3331.88 451.411
3338.55 453.219
3345.21 455.16
3351.87 457.224
3358.54 459.404
3365.2 461.69
3371.87 464.072
3378.53 466.542
3385.19 469.087
3391.86 471.698
3398.52 474.363
3405.18 477.071
3411.85 479.811
3418.51 482.571
3425.18 485.34
3431.84 488.106
3438.5 490.859
3445.17 493.585
3451.83 496.276
3458.49 498.92
3465.16 501.506
3471.82 504.024
3478.49 506.466
3485.15 508.821
3491.81 511.082
3498.48 513.24
3505.14 515.287
3511.8 517.217
3518.47 519.024
3525.13 520.702
3531.8 522.246
3538.46 523.653
3545.12 524.919
3551.79 526.042
3558.45 527.019
3565.12 527.85
3571.78 528.535
3578.44 529.074
3585.11 529.468
3591.77 529.72
3598.43 529.831
3605.1 529.806
3611.76 529.648
3618.43 529.362
3625.09 528.953
3631.75 528.427
3638.42 527.79
3645.08 527.049
3651.74 526.211
3658.41 525.283
3665.07 524.273
3671.74 523.189
3678.4 522.04
3685.06 520.833
3691.73 519.578
3698.39 518.283
3705.05 516.957
3711.72 515.608
3718.38 514.244
3725.05 512.874
3731.71 511.506
3738.37 510.148
3745.04 508.807
3751.7 507.49
3758.36 506.205
3765.03 504.958
3771.69 503.754
3778.36 502.599
3785.02 501.498
3791.68 500.456
3798.35 499.476
3805.01 498.562
3811.67 497.717
3818.34 496.942
3825 496.24
3831.67 495.611
3838.33 495.057
3844.99 494.576
3851.66 494.169
3858.32 493.834
3864.98 493.57
3871.65 493.374
3878.31 493.245
3884.98 493.179
3891.64 493.173
3898.3 493.222
3904.97 493.325
3911.63 493.475
3918.29 493.669
3924.96 493.902
3931.62 494.169
3938.29 494.466
3944.95 494.788
3951.61 495.13
3958.28 495.487
3964.94 495.855
3971.6 496.229
3978.27 496.605
3984.93 496.979
3991.6 497.347
3998.26 497.705
4004.92 498.051
4011.59 498.382
4018.25 498.696
4024.91 498.989
4031.58 499.262
4038.24 499.512
4044.91 499.74
4051.57 499.944
4058.23 500.126
4064.9 500.285
4071.56 500.423
4078.23 500.542
4084.89 500.642
4091.55 500.728
4098.22 500.8
4104.88 500.863
4111.54 500.919
4118.21 500.971
4131.54 501.08
4138.2 501.143
4144.86 501.218
4151.53 501.309
4158.19 501.417
4164.85 501.548
4171.52 501.705
4178.18 501.889
4184.85 502.105
4191.51 502.355
4198.17 502.639
4204.84 502.96
4211.5 503.319
4218.16 503.716
4224.83 504.15
4231.49 504.62
4238.16 505.125
4244.82 505.662
4251.48 506.228
4258.15 506.819
4264.81 507.43
4271.47 508.056
4278.14 508.691
4284.8 509.327
4291.47 509.958
4298.13 510.574
4304.79 511.166
4311.46 511.726
4318.12 512.243
4324.78 512.706
4338.11 513.428
4344.78 513.663
4351.44 513.8
4358.1 513.826
4364.77 513.729
4371.43 513.499
4378.09 513.125
4384.76 512.595
4391.42 511.899
4398.09 511.028
4404.75 509.974
4411.41 508.728
4418.08 507.284
4424.74 505.636
4431.4 503.78
4438.07 501.713
4444.73 499.434
4451.4 496.943
4458.06 494.241
4464.72 491.332
4471.39 488.222
4478.05 484.918
4484.71 481.43
4491.38 477.767
4498.04 473.944
4504.71 469.976
4511.37 465.879
4518.03 461.673
4524.7 457.378
4531.36 453.017
4544.69 444.197
4551.35 439.79
4558.02 435.424
4564.68 431.128
4571.34 426.933
4578.01 422.87
4584.67 418.972
4591.34 415.27
4598 411.798
4604.66 408.587
4611.33 405.669
4617.99 403.075
4624.65 400.835
4631.32 398.977
4637.98 397.529
4644.65 396.515
4651.31 395.957
4657.97 395.876
4664.64 396.289
4671.3 397.209
4677.96 398.647
4684.63 400.609
4691.29 403.1
4697.96 406.116
4704.62 409.653
4711.28 413.7
4717.95 418.242
4724.61 423.26
4731.27 428.729
4737.94 434.619
4751.27 447.521
4757.93 454.45
4764.59 461.635
4771.26 469.023
4777.92 476.558
4784.58 484.177
4791.25 491.818
4797.91 499.413
4804.58 506.893
4811.24 514.184
4817.9 521.214
4824.57 527.909
4831.23 534.193
4837.89 539.992
4844.56 545.232
4851.22 549.843
4857.89 553.754
4864.55 556.901
4871.21 559.222
4877.88 560.661
4884.54 561.168
4891.2 560.698
4897.87 559.215
4904.53 556.693
4911.2 553.112
4917.86 548.463
4924.52 542.748
4931.19 535.981
4937.85 528.184
4944.51 519.396
4957.84 499.055
4964.51 487.639
4971.17 475.507
4977.83 462.761
4984.5 449.515
4991.16 435.896
4997.82 422.044
5004.49 408.111
5011.15 394.257
5017.82 380.654
5024.48 367.483
5031.14 354.933
5037.81 343.196
5044.47 332.47
5051.13 322.958
5057.8 314.861
5064.46 308.378
5071.13 303.707
5077.79 301.037
5084.45 300.552
5091.12 302.421
5097.78 306.803
5104.45 313.839
5111.11 323.648
5117.77 336.332
5124.44 351.964
5131.1 370.59
5137.76 392.228
5144.43 416.86
5151.09 444.434
5164.42 508.006
5171.08 543.702
5177.75 581.732
5184.41 621.836
5191.07 663.708
5197.74 706.995
5204.4 751.301
5211.07 796.181
5217.73 841.148
5224.39 885.67
5231.06 929.175
5237.72 971.052
5244.38 1010.66
5251.05 1047.31
5257.71 1080.32
5264.38 1108.96
5271.04 1132.48
5277.7 1150.16
5284.37 1161.25
5291.03 1165.02
5297.69 1160.75
5304.36 1147.76
5311.02 1125.41
5317.69 1093.09
5324.35 1050.27
5331.01 996.486
5337.68 931.365
5344.34 854.628
5351 766.104
5357.67 665.75
5371 430.059
5377.66 295.359
5384.32 150.125
5390.99 -4.89213
5397.65 -168.752
5404.31 -340.315
5410.98 -518.235
5417.64 -700.956
5424.31 -886.71
5430.97 -1073.51
5437.63 -1259.16
5444.3 -1441.25
5450.96 -1617.18
5457.62 -1784.14
5464.29 -1939.14
5470.95 -2079.05
5477.62 -2200.56
5484.28 -2300.29
5490.94 -2374.73
5497.61 -2420.32
5504.27 -2433.5
5510.93 -2410.7
5517.6 -2348.44
5524.26 -2243.34
5530.93 -2092.2
5537.59 -1892.04
5544.25 -1640.18
5550.92 -1334.28
5557.58 -972.431
5564.25 -553.223
5577.57 460.003
5584.24 1053.7
5590.9 1703.95
5597.56 2408.56
5604.23 3164.39
5610.89 3967.28
5617.56 4811.96
5624.22 5692.04
5630.88 6599.9
5637.55 7526.69
5644.21 8462.26
5650.87 9395.14
5657.54 10312.6
5664.2 11200.4
5670.87 12043.3
5677.53 12824.5
5684.19 13526.2
5690.86 14129.4
5697.52 14614.2
5704.18 14959.7
5710.85 15144.5
5717.51 15146.4
5724.18 14943.3
5730.84 14512.9
5737.5 13833.2
5744.17 12882.8
5750.83 11641.6
5757.49 10090.5
5764.16 8212.62
5770.82 5993.2
5784.15 485.883
5790.81 -2814.92
5797.48 -6481.91
5804.14 -10509.8
5810.8 -14887.6
5817.47 -19597.9
5824.13 -24616.1
5830.8 -29910.2
5837.46 -35439.9
5844.12 -41155.9
5850.79 -46999.9
5857.45 -52903.8
5864.11 -58789.5
5870.78 -64568.6
5877.44 -70142.2
5884.11 -75401.1
5890.77 -80225.9
5897.43 -84487.3
5904.1 -88046.8
5910.76 -90757.5
5917.42 -92465.3
5924.09 -93009.8
5930.75 -92226.9
5937.42 -89950.1
5944.08 -86013
5950.74 -80252.4
5957.41 -72511.6
5964.07 -62643.4
5970.73 -50514.6
5977.4 -36010.7
5990.73 460.318
5997.39 22519.2
6004.05 47125.5
6010.72 74221.8
6017.38 103699
6024.04 135388
6030.71 169056
6037.37 204399
6044.04 241039
6050.7 278516
6057.36 316286
6064.03 353723
6070.69 390113
6077.36 424665
6084.02 456509
6090.68 484711
6097.35 508288
6104.01 526228
6110.67 537518
6117.34 541179
6124 536316
6130.67 522169
6137.33 498191
6143.99 464127
6150.66 420126
6157.32 366861
6163.98 305677
6170.65 238774
6177.31 169410
6183.98 102146
6197.3 427.268
6197.69 -1367.75
6198.09 -3068.85
6198.48 -4673.59
6198.87 -6179.54
6199.26 -7584.22
6199.65 -8885.1
6200.05 -10079.6
6200.44 -11165.2
6200.83 -12139.3
6201.22 -12999.1
6201.61 -13742.1
6202.01 -14365.4
6202.4 -14866.3
6202.79 -15242
6203.18 -15489.7
6203.57 -15606.5
6203.97 -15589.5
6204.36 -15435.6
6204.75 -15142.1
6205.14 -14705.7
6205.53 -14123.4
6205.93 -13392.1
6206.32 -12508.7
6206.71 -11470
6207.1 -10272.7
6207.49 -8913.57
6207.89 -7389.29
6208.28 -5696.5
6208.67 -3831.79
6209.06 -1791.72
