0 467.691
45.5494 4.70325e+06
91.0988 8.24232e+06
136.648 1.08135e+07
182.198 1.25859e+07
227.747 1.37047e+07
273.296 1.42947e+07
318.846 1.44621e+07
364.395 1.42973e+07
409.945 1.38764e+07
455.494 1.32637e+07
501.043 1.25127e+07
546.593 1.16676e+07
592.142 1.0765e+07
637.692 9.83426e+06
683.241 8.8992e+06
728.79 7.97852e+06
774.34 7.0867e+06
819.889 6.23462e+06
865.439 5.43018e+06
910.988 4.67877e+06
956.537 3.98371e+06
1002.09 3.34662e+06
1047.64 2.76777e+06
1093.19 2.24632e+06
1138.73 1.7806e+06
1184.28 1.36829e+06
1229.83 1.00658e+06
1275.38 692343
1320.93 422227
1366.48 192770
1412.03 473.997
1457.58 -158129
1503.13 -286423
1548.68 -387672
1594.23 -464988
1639.78 -521306
1685.33 -559378
1730.88 -581751
1776.43 -590777
1821.98 -588601
1867.53 -577170
1913.07 -558238
1958.62 -533372
2004.17 -503962
2049.72 -471230
2095.27 -436242
2140.82 -399916
2186.37 -363039
2231.92 -326274
2277.47 -290169
2323.02 -255176
2368.57 -221652
2414.12 -189876
2459.67 -160054
2505.22 -132331
2550.77 -106796
2596.32 -83492.6
2641.87 -62424
2687.41 -43560.4
2732.96 -26844.4
2778.51 -12196.4
2824.06 481
2869.61 11298.3
2915.16 20376.1
2960.71 27841.2
3006.26 33824.3
3051.81 38457.3
3097.36 41871.6
3142.91 44196
3188.46 45555.4
3234.01 46069.9
3279.56 45853.6
3325.11 45014.1
3370.66 43652
3416.2 41860.5
3461.75 39725.2
3507.3 37324.3
3552.85 34728.4
3598.4 32000.5
3643.95 29196.9
3689.5 26366.7
3735.05 23552.5
3780.6 20790.9
3826.15 18112.6
3871.7 15542.9
3917.25 13102.3
3962.8 10806.8
4008.35 8668.08
4053.9 6694.33
4099.45 4890.41
4145 3258.27
4190.54 1797.37
4236.09 504.969
4281.64 -623.501
4327.19 -1594.15
4372.74 -2414.36
4418.29 -3092.47
4463.84 -3637.6
4509.39 -4059.4
4554.94 -4367.89
4600.49 -4573.22
4646.04 -4685.62
4691.59 -4715.16
4737.14 -4671.73
4782.69 -4564.9
4828.24 -4403.83
4873.79 -4197.24
4919.33 -3953.34
4964.88 -3679.79
5010.43 -3383.69
5055.98 -3071.55
5101.53 -2749.28
5147.08 -2422.21
5192.63 -2095.07
5238.18 -1772.04
5283.73 -1456.73
5329.28 -1152.23
5374.83 -861.141
5420.38 -585.569
5465.93 -327.194
5511.48 -87.2829
5557.03 133.272
5602.58 333.918
5648.13 514.412
5693.67 674.784
5739.22 815.306
5784.77 936.461
5830.32 1038.91
5875.87 1123.47
5921.42 1191.08
5966.97 1242.77
6012.52 1279.67
6058.07 1302.93
6103.62 1313.76
6149.17 1313.37
6194.72 1302.99
6240.27 1283.81
6285.82 1257.01
6331.37 1223.74
6376.92 1185.09
6422.46 1142.09
6468.01 1095.72
6513.56 1046.9
6559.11 996.475
6604.66 945.216
6650.21 893.828
6695.76 842.942
6741.31 793.114
6786.86 744.835
6832.41 698.522
6877.96 654.528
6923.51 613.144
6969.06 574.6
7014.61 539.068
7060.16 506.669
7105.71 477.477
7151.26 451.52
7196.8 428.786
7242.35 409.228
7287.9 392.766
7333.45 379.296
7379 368.687
7424.55 360.788
7470.1 355.436
7515.65 352.45
7561.2 351.645
7606.75 352.825
7652.3 355.794
7697.85 360.352
7743.4 366.303
7788.95 373.453
7834.5 381.612
7880.05 390.6
7925.6 400.241
7971.14 410.371
8016.69 420.836
8062.24 431.491
8107.79 442.205
8153.34 452.857
8198.89 463.338
8244.44 473.552
8289.99 483.413
8335.54 492.85
8381.09 501.8
8472.19 518.05
8517.74 525.28
8563.29 531.884
8608.84 537.848
8654.39 543.17
8699.93 547.854
8745.48 551.91
8791.03 555.355
8836.58 558.21
8882.13 560.502
8927.68 562.261
8973.23 563.52
9018.78 564.315
9064.33 564.685
9109.88 564.669
9155.43 564.306
9200.98 563.638
9246.53 562.704
9292.08 561.546
9337.63 560.202
9383.18 558.71
9428.73 557.106
9474.27 555.426
9519.82 553.701
9565.37 551.964
9610.92 550.242
9656.47 548.561
9702.02 546.946
9747.57 545.417
9793.12 543.994
9884.22 541.529
9929.77 540.513
9975.32 539.654
10020.9 538.961
10066.4 538.439
10112 538.091
10157.5 537.919
10203.1 537.923
10248.6 538.103
10294.2 538.454
10339.7 538.973
10385.3 539.655
10430.8 540.494
10476.4 541.483
10521.9 542.614
10567.5 543.88
10613 545.27
10658.6 546.777
10704.1 548.392
10749.7 550.104
10795.2 551.904
10840.8 553.783
10886.3 555.732
10931.9 557.74
10977.4 559.8
11023 561.902
11068.5 564.038
11114.1 566.2
11159.6 568.379
11205.2 570.569
11296.3 574.952
11341.8 577.131
11387.3 579.296
11432.9 581.438
11478.4 583.555
11524 585.64
11569.5 587.69
11615.1 589.7
11660.6 591.667
11706.2 593.587
11751.7 595.457
11797.3 597.274
11842.8 599.036
11888.4 600.741
11933.9 602.387
11979.5 603.971
12025 605.493
12070.6 606.95
12116.1 608.343
12161.7 609.671
12207.2 610.932
12252.8 612.127
12298.3 613.255
12343.9 614.316
12389.4 615.312
12435 616.242
12480.5 617.107
12526.1 617.909
12571.6 618.648
12617.2 619.327
12708.3 620.511
12753.8 621.021
12799.4 621.479
12844.9 621.889
12890.5 622.255
12936 622.579
12981.6 622.866
13027.1 623.12
13072.7 623.346
13118.2 623.548
13163.8 623.732
13209.3 623.903
13254.9 624.067
13300.4 624.23
13346 624.398
13391.5 624.578
13437.1 624.776
13482.6 624.999
13528.2 625.254
13573.7 625.549
13619.3 625.889
13664.8 626.283
13710.4 626.739
13755.9 627.262
13801.5 627.861
13847 628.542
13892.6 629.313
13938.1 630.18
13983.7 631.15
14029.2 632.229
14120.3 634.741
14165.9 636.184
14211.4 637.759
14257 639.47
14302.5 641.322
14348.1 643.318
14393.6 645.461
14439.2 647.754
14484.7 650.198
14530.3 652.794
14575.8 655.545
14621.4 658.448
14666.9 661.505
14712.5 664.712
14758 668.069
14803.6 671.572
14849.1 675.218
14894.7 679.003
14940.2 682.921
14985.8 686.968
15031.3 691.138
15076.9 695.422
15122.4 699.815
15167.9 704.307
15213.5 708.891
15259 713.557
15304.6 718.295
15350.1 723.096
15395.7 727.949
15441.2 732.843
15532.3 742.71
15577.9 747.659
15623.4 752.604
15669 757.532
15714.5 762.431
15760.1 767.289
15805.6 772.094
15851.2 776.834
15896.7 781.499
15942.3 786.075
15987.8 790.553
16033.4 794.92
16078.9 799.167
16124.5 803.284
16170 807.261
16215.6 811.088
16261.1 814.758
16306.7 818.262
16352.2 821.593
16397.8 824.744
16443.3 827.71
16488.9 830.485
16534.4 833.064
16580 835.444
16625.5 837.621
16671.1 839.594
16716.6 841.362
16762.2 842.922
16807.7 844.276
16853.3 845.425
16898.8 846.369
16944.4 847.113
16989.9 847.657
17035.5 848.008
17081 848.168
17126.6 848.144
17172.1 847.941
17217.7 847.566
17263.2 847.025
17308.8 846.326
17354.3 845.477
17399.9 844.486
17445.4 843.363
17491 842.116
17536.5 840.754
17582.1 839.287
17627.6 837.725
17673.2 836.078
17718.7 834.355
17764.3 832.567
17809.8 830.722
17855.4 828.832
17900.9 826.905
17946.5 824.952
17992 822.98
18037.6 820.999
18083.1 819.018
18128.7 817.045
18174.2 815.087
18219.8 813.151
18265.3 811.245
18310.9 809.374
18356.4 807.545
18402 805.762
18447.5 804.03
18493.1 802.353
18538.6 800.734
18584.2 799.176
18629.7 797.68
18675.3 796.248
18720.8 794.881
18766.4 793.579
18811.9 792.342
18857.5 791.167
18903 790.053
18948.5 788.998
18994.1 788
19039.6 787.053
19085.2 786.156
19130.7 785.302
19176.3 784.488
19221.8 783.708
19267.4 782.956
19312.9 782.226
19358.5 781.513
19404 780.809
19449.6 780.109
19495.1 779.405
19540.7 778.69
19586.2 777.958
19631.8 777.202
19677.3 776.414
19722.9 775.588
19768.4 774.718
19814 773.797
19859.5 772.818
19905.1 771.777
19950.6 770.666
19996.2 769.482
20041.7 768.219
20087.3 766.872
20132.8 765.439
20178.4 763.914
20223.9 762.296
20269.5 760.581
20315 758.768
20360.6 756.856
20406.1 754.844
20451.7 752.732
20497.2 750.519
20542.8 748.208
20588.3 745.8
20633.9 743.297
20679.4 740.702
20725 738.019
20770.5 735.251
20816.1 732.404
20861.6 729.481
20907.2 726.489
20952.7 723.434
20998.3 720.323
21043.8 717.161
21089.4 713.958
21134.9 710.72
21180.5 707.455
21226 704.171
21271.6 700.878
21317.1 697.583
21362.7 694.296
21408.2 691.025
21453.8 687.779
21499.3 684.568
21544.9 681.4
21590.4 678.283
21636 675.228
21681.5 672.242
21727.1 669.333
21772.6 666.51
21818.2 663.78
21863.7 661.151
21909.3 658.629
21954.8 656.222
22000.4 653.936
22045.9 651.776
22091.5 649.748
22137 647.856
22182.6 646.105
22228.1 644.498
22273.7 643.038
22319.2 641.728
22364.8 640.57
22410.3 639.564
22455.9 638.712
22501.4 638.014
22547 637.47
22592.5 637.077
22638.1 636.835
22683.6 636.742
22729.1 636.794
22774.7 636.989
22820.2 637.322
22865.8 637.79
22911.3 638.388
22956.9 639.111
23002.4 639.953
23048 640.908
23093.5 641.971
23139.1 643.135
23184.6 644.394
23230.2 645.74
23275.7 647.167
23321.3 648.667
23366.8 650.234
23412.4 651.86
23457.9 653.538
23503.5 655.261
23549 657.022
23594.6 658.813
23640.1 660.629
23685.7 662.462
23731.2 664.306
23776.8 666.154
23822.3 668.002
23867.9 669.844
23913.4 671.673
23959 673.486
24004.5 675.277
24050.1 677.043
24095.6 678.781
24141.2 680.485
24186.7 682.155
24232.3 683.786
24277.8 685.378
24323.4 686.928
24368.9 688.436
24414.5 689.899
24460 691.319
24505.6 692.694
24551.1 694.025
24596.7 695.313
24642.2 696.559
24687.8 697.762
24733.3 698.926
24778.9 700.052
24824.4 701.141
24870 702.196
24915.5 703.218
24961.1 704.211
25006.6 705.175
25052.2 706.115
25097.7 707.031
25143.3 707.926
25188.8 708.803
25234.4 709.663
25279.9 710.509
25325.5 711.341
25371 712.162
25416.6 712.974
25462.1 713.775
25507.7 714.569
25553.2 715.354
25598.8 716.132
25644.3 716.9
25689.9 717.66
25735.4 718.41
25781 719.148
25826.5 719.872
25872.1 720.58
25917.6 721.27
25963.2 721.938
26008.7 722.581
26054.3 723.195
26099.8 723.775
26145.4 724.318
26190.9 724.819
26236.5 725.272
26282 725.672
26327.6 726.013
26373.1 726.29
26418.7 726.497
26464.2 726.628
26509.7 726.677
26555.3 726.637
26600.8 726.504
26646.4 726.27
26691.9 725.931
26737.5 725.48
26783 724.913
26828.6 724.224
26874.1 723.409
26919.7 722.463
26965.2 721.383
27010.8 720.165
27056.3 718.806
27101.9 717.304
27147.4 715.658
27193 713.867
27238.5 711.929
27284.1 709.846
27329.6 707.619
27375.2 705.249
27420.7 702.739
27466.3 700.093
27511.8 697.314
27557.4 694.408
27602.9 691.38
27648.5 688.237
27694 684.986
27739.6 681.635
27785.1 678.192
27830.7 674.667
27876.2 671.07
27921.8 667.41
27967.3 663.699
28012.9 659.949
28058.4 656.171
28104 652.376
28149.5 648.578
28195.1 644.79
28240.6 641.022
28286.2 637.29
28331.7 633.604
28377.3 629.978
28422.8 626.424
28468.4 622.953
28513.9 619.578
28559.5 616.309
28605 613.158
28650.6 610.133
28696.1 607.245
28741.7 604.501
28787.2 601.91
28832.8 599.477
28878.3 597.209
28923.9 595.109
28969.4 593.182
29015 591.43
29060.5 589.854
29106.1 588.453
29151.6 587.226
29197.2 586.172
29242.7 585.285
29288.3 584.561
29333.8 583.994
29379.4 583.575
29424.9 583.297
29470.5 583.149
29516 583.121
29561.6 583.2
29607.1 583.374
29652.7 583.63
29698.2 583.952
29743.8 584.326
29789.3 584.735
29834.9 585.165
29880.4 585.598
29926 586.019
29971.5 586.41
30017.1 586.755
30062.6 587.037
30108.2 587.242
30153.7 587.353
30199.3 587.357
30244.8 587.238
30290.3 586.985
30335.9 586.586
30381.4 586.03
30427 585.307
30472.5 584.411
30518.1 583.335
30563.6 582.075
30609.2 580.629
30654.7 578.995
30700.3 577.174
30745.8 575.171
30791.4 572.991
30836.9 570.64
30882.5 568.128
30928 565.467
30973.6 562.669
31019.1 559.751
31064.7 556.73
31110.2 553.624
31155.8 550.454
31201.3 547.243
31246.9 544.014
31292.4 540.792
31338 537.603
31383.5 534.473
31429.1 531.431
31474.6 528.504
31520.2 525.719
31565.7 523.105
31611.3 520.689
31656.8 518.498
31702.4 516.557
31747.9 514.891
31793.5 513.522
31839 512.472
31884.6 511.759
31930.1 511.4
31975.7 511.409
32021.2 511.796
32066.8 512.569
32112.3 513.732
32157.9 515.285
32203.4 517.225
32249 519.543
32294.5 522.229
32340.1 525.266
32385.6 528.634
32431.2 532.307
32476.7 536.258
32522.3 540.451
32567.8 544.851
32613.4 549.414
32658.9 554.095
32704.5 558.846
32750 563.612
32795.6 568.339
32841.1 572.967
32886.7 577.437
32932.2 581.686
32977.8 585.65
33023.3 589.265
33068.9 592.466
33114.4 595.191
33160 597.375
33205.5 598.96
33251.1 599.887
33296.6 600.101
33342.2 599.554
33387.7 598.199
33433.3 595.997
33478.8 592.916
33524.4 588.93
33569.9 584.022
33615.5 578.183
33661 571.414
33706.6 563.725
33752.1 555.139
33797.7 545.687
33843.2 535.413
33888.8 524.373
33934.3 512.635
33979.9 500.277
34025.4 487.393
34070.9 474.086
34116.5 460.472
34162 446.677
34207.6 432.841
34253.1 419.11
34298.7 405.642
34344.2 392.604
34389.8 380.168
34435.3 368.514
34480.9 357.825
34526.4 348.287
34572 340.088
34617.5 333.416
34663.1 328.452
34708.6 325.378
34754.2 324.363
34799.7 325.571
34845.3 329.149
34890.8 335.233
34936.4 343.94
34981.9 355.368
35027.5 369.59
35073 386.656
35118.6 406.587
35164.1 429.373
35209.7 454.973
35255.2 483.309
35300.8 514.268
35346.3 547.696
35391.9 583.401
35437.4 621.146
35483 660.654
35528.5 701.605
35574.1 743.633
35619.6 786.332
35665.2 829.252
35710.7 871.903
35756.3 913.755
35801.8 954.244
35847.4 992.769
35892.9 1028.7
35938.5 1061.39
35984 1090.16
36029.6 1114.31
36075.1 1133.17
36120.7 1146.02
36166.2 1152.18
36211.8 1150.97
36257.3 1141.75
36302.9 1123.9
36348.4 1096.84
36394 1060.07
36439.5 1013.14
36485.1 955.671
36530.6 887.389
36576.2 808.114
36621.7 717.782
36667.3 616.453
36712.8 504.326
36758.4 381.746
36803.9 249.221
36849.5 107.422
36895 -42.7961
36940.6 -200.397
36986.1 -364.149
37031.7 -532.626
37077.2 -704.2
37122.8 -877.039
37168.3 -1049.11
37213.9 -1218.19
37259.4 -1381.86
37305 -1537.5
37350.5 -1682.36
37396.1 -1813.49
37441.6 -1927.83
37487.2 -2022.2
37532.7 -2093.33
37578.3 -2137.89
37623.8 -2152.53
37669.4 -2133.91
37714.9 -2078.75
37760.5 -1983.88
37806 -1846.26
37851.5 -1663.08
37897.1 -1431.8
37942.6 -1150.19
37988.2 -816.41
38033.7 -429.103
38079.3 12.5757
38124.8 508.868
38170.4 1059.34
38215.9 1662.81
38261.5 2317.29
38307 3019.9
38352.6 3766.78
38398.1 4553.08
38443.7 5372.87
38489.2 6219.07
38534.8 7083.43
38580.3 7956.5
38625.9 8827.56
38671.4 9684.68
38717 10514.7
38762.5 11303.1
38808.1 12034.3
38853.6 12691.7
38899.2 13257.3
38944.7 13712.4
38990.3 14037.6
39035.8 14212.4
39081.4 14216.3
39126.9 14028.2
39172.5 13627.2
39218 12992.5
39263.6 12104
39309.1 10942.6
39354.7 9490.28
39400.2 7730.95
39445.8 5650.64
39491.3 3238.08
39536.9 485.137
39582.4 -2612.57
39628 -6055.15
39673.5 -9837.89
39719.1 -13950.6
39764.6 -18377.1
39810.2 -23094.5
39855.7 -28072.7
39901.3 -33274.1
39946.8 -38652.6
39992.4 -44153.2
40037.9 -49712.1
40083.5 -55255.8
40129 -60701
40174.6 -65954.7
40220.1 -70914
40265.7 -75466.4
40311.2 -79489.9
40356.8 -82853.9
40402.3 -85419.7
40447.9 -87041.6
40493.4 -87568.4
40539 -86844.8
40584.5 -84713.2
40630.1 -81016.3
40675.6 -75599.6
40721.2 -68314.5
40766.7 -59021.4
40812.3 -47593.9
40857.8 -33923
40903.4 -17921.4
40948.9 471.264
40994.5 21283.2
41040 44504.9
41085.6 70083.2
41131.1 97915.6
41176.7 127844
41222.2 159649
41267.8 193045
41313.3 227674
41358.9 263102
41404.4 298817
41450 334226
41495.5 368656
41541.1 401356
41586.6 431505
41632.1 458219
41677.7 480568
41723.2 497591
41768.8 508330
41814.3 511856
41859.9 507320
41905.4 494000
41951 471376
41996.5 439203
42042.1 397618
42087.6 347255
42133.2 289386
42178.7 226089
42224.3 160447
42269.8 96778.1
42315.4 40905.1
42360.9 471.285
42363.6 -1228.57
42366.3 -2839.49
42369 -4359.19
42371.7 -5785.33
42374.3 -7115.58
42377 -8347.54
42379.7 -9478.8
42382.4 -10506.9
42385.1 -11429.4
42387.7 -12243.7
42390.4 -12947.3
42393.1 -13537.6
42395.8 -14012
42398.5 -14367.8
42401.1 -14602.3
42403.8 -14712.9
42406.5 -14696.7
42409.2 -14551
42411.8 -14272.8
42414.5 -13859.4
42417.2 -13307.9
42419.9 -12615.2
42422.6 -11778.4
42425.2 -10794.4
42427.9 -9660.25
42430.6 -8372.78
42433.3 -6928.86
42436 -5325.3
42438.6 -3558.87
