0 20.8544
13.2815 20.0344
26.5631 19.2154
39.8446 18.3988
53.1262 17.5855
66.4077 16.7769
79.6892 15.9739
92.9708 15.1778
106.252 14.3897
119.534 13.6108
132.815 12.8421
146.097 12.0849
159.378 11.3402
172.66 10.6092
185.942 9.89312
199.223 9.193
212.505 8.51002
225.786 7.84533
239.068 7.20005
252.349 6.57535
265.631 5.97235
278.912 5.3922
292.194 4.83604
305.475 4.30503
318.757 3.80029
332.038 3.32297
345.32 2.87422
358.602 2.45517
371.883 2.06697
385.165 1.71076
411.728 1.0989
425.009 0.845078
438.291 0.625176
451.572 0.437687
464.854 0.281105
478.135 0.153928
491.417 0.0546518
504.698 -0.0182271
517.98 -0.0662125
531.262 -0.0908081
544.543 -0.0935174
557.825 -0.0758443
571.106 -0.0392923
584.388 0.0146348
597.669 0.0844333
610.951 0.1686
624.232 0.26563
637.514 0.374021
650.795 0.492268
664.077 0.618869
677.358 0.752319
690.64 0.891115
703.922 1.03375
717.203 1.17873
730.485 1.32454
743.766 1.46968
757.048 1.61265
770.329 1.75194
783.611 1.88605
796.892 2.01348
823.455 2.24227
836.737 2.34095
850.018 2.42885
863.3 2.50639
876.582 2.574
889.863 2.63209
903.145 2.68108
916.426 2.72139
929.708 2.75344
942.989 2.77765
956.271 2.79444
969.552 2.80422
982.834 2.80742
996.115 2.80446
1009.4 2.79575
1022.68 2.78172
1035.96 2.76278
1049.24 2.73935
1062.52 2.71185
1075.8 2.68071
1089.09 2.64634
1102.37 2.60915
1115.65 2.56957
1128.93 2.52803
1142.21 2.48493
1155.49 2.44069
1168.78 2.39574
1182.06 2.3505
1195.34 2.30538
1208.62 2.2608
1221.9 2.21719
1235.18 2.17495
1248.46 2.13445
1261.75 2.09573
1275.03 2.05877
1288.31 2.02355
1301.59 1.99007
1314.87 1.95828
1328.15 1.92819
1341.44 1.89977
1354.72 1.87299
1368 1.84785
1381.28 1.82433
1394.56 1.80239
1407.84 1.78204
1421.12 1.76324
1434.41 1.74597
1447.69 1.73023
1460.97 1.71599
1474.25 1.70323
1487.53 1.69194
1500.81 1.68208
1514.1 1.67366
1527.38 1.66664
1540.66 1.66101
1553.94 1.65675
1567.22 1.65384
1580.5 1.65226
1593.78 1.65199
1607.07 1.65302
1620.35 1.65533
1633.63 1.65889
1646.91 1.66369
1660.19 1.66975
1673.47 1.67725
1686.76 1.68643
1700.04 1.69751
1713.32 1.71072
1726.6 1.72628
1739.88 1.74443
1753.16 1.76538
1766.44 1.78937
1779.73 1.81662
1793.01 1.84736
1806.29 1.88182
1819.57 1.92022
1832.85 1.9628
1846.13 2.00977
1859.42 2.06137
1872.7 2.11781
1885.98 2.17934
1899.26 2.24618
1912.54 2.31855
1925.82 2.39667
1939.1 2.48079
1952.39 2.57112
1965.67 2.66789
1978.95 2.77133
1992.23 2.88167
2005.51 2.99913
2018.79 3.12394
2032.08 3.25632
2045.36 3.39651
2058.64 3.54473
2071.92 3.70103
2085.2 3.86475
2098.48 4.03505
2111.76 4.21108
2125.05 4.39202
2138.33 4.57701
2151.61 4.76522
2164.89 4.9558
2178.17 5.14793
2191.45 5.34075
2204.74 5.53343
2218.02 5.72513
2231.3 5.91501
2244.58 6.10222
2257.86 6.28593
2271.14 6.4653
2284.42 6.63949
2297.71 6.80766
2310.99 6.96896
2324.27 7.12257
2337.55 7.26763
2350.83 7.40331
2364.11 7.52876
2377.4 7.64316
2390.68 7.74565
2403.96 7.8354
2417.24 7.91157
2430.52 7.97332
2443.8 8.01981
2457.08 8.05019
2470.37 8.06363
2483.65 8.05956
2496.93 8.0385
2510.21 8.00124
2523.49 7.94856
2536.77 7.88127
2550.06 7.80013
2563.34 7.70596
2576.62 7.59953
2589.9 7.48164
2603.18 7.35307
2616.46 7.21462
2629.74 7.06707
2643.03 6.91122
2656.31 6.74786
2669.59 6.57776
2682.87 6.40174
2696.15 6.22056
2709.43 6.03503
2722.72 5.84594
2736 5.65406
2749.28 5.46021
2762.56 5.26515
2775.84 5.06968
2789.12 4.8746
2802.4 4.68069
2815.69 4.48874
2828.97 4.29955
2842.25 4.11389
2855.53 3.93257
2868.81 3.75637
2882.09 3.58607
2895.38 3.42233
2908.66 3.26518
2921.94 3.11453
2935.22 2.97025
2948.5 2.83226
2961.78 2.70043
2975.06 2.57468
2988.35 2.45488
3001.63 2.34095
3014.91 2.23276
3028.19 2.13022
3041.47 2.03321
3054.75 1.94164
3068.04 1.8554
3081.32 1.77438
3094.6 1.69848
3107.88 1.62759
3121.16 1.56161
3134.44 1.50043
3147.72 1.44394
3161.01 1.39204
3174.29 1.34463
3187.57 1.3016
3200.85 1.26284
3214.13 1.22824
3227.41 1.19771
3240.7 1.17114
3253.98 1.14841
3267.26 1.12943
3280.54 1.11409
3293.82 1.10229
3307.1 1.09391
3320.38 1.08884
3333.67 1.08695
3346.95 1.08813
3360.23 1.09225
3373.51 1.09919
3386.79 1.10882
3400.07 1.12103
3413.36 1.1357
3426.64 1.1527
3439.92 1.17191
3453.2 1.19321
3466.48 1.21647
3479.76 1.24158
3493.04 1.26842
3506.33 1.29685
3519.61 1.32677
3532.89 1.35804
3546.17 1.39055
3559.45 1.42417
3572.73 1.45879
3586.02 1.49427
3599.3 1.53051
3612.58 1.56737
3625.86 1.60474
3639.14 1.64249
3652.42 1.6805
3665.7 1.71865
3678.99 1.75682
3692.27 1.79489
3705.55 1.83273
3718.83 1.87024
3732.11 1.90744
3745.39 1.94435
3758.68 1.98098
3771.96 2.01739
3785.24 2.05358
3798.52 2.08958
3811.8 2.12544
3825.08 2.16116
3838.36 2.19679
3851.65 2.23234
3864.93 2.26785
3878.21 2.30333
3891.49 2.33883
3904.77 2.37437
3918.05 2.40996
3931.34 2.44566
3944.62 2.48147
3957.9 2.51742
3971.18 2.55355
3984.46 2.58989
3997.74 2.62645
4011.02 2.66327
4024.31 2.70037
4037.59 2.73778
4050.87 2.77554
4064.15 2.81366
4077.43 2.85217
4090.71 2.8911
4104 2.93049
4117.28 2.97035
4130.56 3.01069
4143.84 3.05141
4157.12 3.09241
4170.4 3.13355
4183.68 3.17472
4196.97 3.2158
4210.25 3.25668
4223.53 3.29723
4236.81 3.33734
4250.09 3.37689
4263.37 3.41576
4276.66 3.45383
4289.94 3.49098
4303.22 3.5271
4316.5 3.56206
4329.78 3.59576
4343.06 3.62806
4356.34 3.65885
4369.63 3.68802
4382.91 3.71544
4396.19 3.741
4409.47 3.76458
4422.75 3.78606
4436.03 3.80532
4449.32 3.82224
4462.6 3.83671
4475.88 3.8486
4489.16 3.8578
4502.44 3.86419
4529 3.86806
4542.29 3.86534
4555.57 3.85952
4568.85 3.85065
4582.13 3.8388
4595.41 3.82403
4608.69 3.8064
4621.98 3.78597
4635.26 3.76281
4648.54 3.73697
4661.82 3.70852
4675.1 3.67752
4688.38 3.64403
4701.66 3.6081
4714.95 3.56981
4728.23 3.52921
4741.51 3.48637
4754.79 3.44134
4768.07 3.39419
4781.35 3.34498
4794.64 3.29377
4807.92 3.24061
4821.2 3.18559
4834.48 3.12874
4847.76 3.07014
4861.04 3.00985
4874.32 2.94792
4887.61 2.88443
4900.89 2.81942
4914.17 2.75297
4940.73 2.61597
4954.01 2.54555
4967.3 2.47405
4980.58 2.40163
4993.86 2.32846
5007.14 2.25472
5020.42 2.18057
5033.7 2.1062
5046.98 2.03176
5060.27 1.95745
5073.55 1.88342
5086.83 1.80985
5100.11 1.73691
5113.39 1.66477
5126.67 1.59361
5139.96 1.52361
5153.24 1.45492
5166.52 1.38773
5179.8 1.3222
5193.08 1.25851
5206.36 1.19684
5219.64 1.13734
5232.93 1.08021
5246.21 1.0256
5259.49 0.973689
5272.77 0.924654
5286.05 0.878664
5299.33 0.835892
5312.62 0.79651
5325.9 0.76069
5352.46 0.700428
5365.74 0.676273
5379.02 0.656031
5392.3 0.639533
5405.59 0.626612
5418.87 0.6171
5432.15 0.61083
5445.43 0.607634
5458.71 0.607345
5471.99 0.609795
5485.28 0.614816
5498.56 0.622241
5511.84 0.631902
5525.12 0.643633
5538.4 0.657264
5551.68 0.672629
5564.96 0.68956
5578.25 0.707889
5591.53 0.727449
5604.81 0.748072
5618.09 0.769591
5631.37 0.791839
5644.65 0.814646
5657.94 0.837847
5671.22 0.861273
5684.5 0.884757
5697.78 0.908131
5711.06 0.931228
5724.34 0.95388
5737.62 0.975919
5764.19 1.01749
5777.47 1.03673
5790.75 1.05492
5804.03 1.07215
5817.31 1.08848
5830.6 1.104
5843.88 1.11876
5857.16 1.13286
5870.44 1.14636
5883.72 1.15933
5897 1.17185
5910.28 1.18399
5923.57 1.19583
5936.85 1.20744
5950.13 1.21889
5963.41 1.23026
5976.69 1.24163
5989.97 1.25306
6003.26 1.26462
6016.54 1.2764
6029.82 1.28847
6043.1 1.3009
6056.38 1.31376
6069.66 1.32713
6082.94 1.34108
6096.23 1.35569
6109.51 1.37103
6122.79 1.38717
6136.07 1.40418
6149.35 1.42215
6175.92 1.46123
6189.2 1.48246
6202.48 1.50474
6215.76 1.52795
6229.04 1.55196
6242.32 1.57666
6255.6 1.60191
6268.89 1.6276
6282.17 1.65361
6295.45 1.67981
6308.73 1.70608
6322.01 1.73229
6335.29 1.75833
6348.58 1.78408
6361.86 1.8094
6375.14 1.83418
6388.42 1.8583
6401.7 1.88163
6414.98 1.90404
6428.26 1.92543
6441.55 1.94566
6454.83 1.96462
6468.11 1.98217
6481.39 1.9982
6494.67 2.01259
6507.95 2.02521
6521.24 2.03594
6534.52 2.04466
6547.8 2.05124
6561.08 2.05557
6587.64 2.05696
6600.92 2.05382
6614.21 2.04821
6627.49 2.04026
6640.77 2.03012
6654.05 2.01793
6667.33 2.00385
6680.61 1.98801
6693.9 1.97056
6707.18 1.95165
6720.46 1.93141
6733.74 1.91
6747.02 1.88756
6760.3 1.86424
6773.58 1.84017
6786.87 1.81551
6800.15 1.7904
6813.43 1.76498
6826.71 1.7394
6839.99 1.71381
6853.27 1.68834
6866.56 1.66315
6879.84 1.63838
6893.12 1.61417
6906.4 1.59067
6919.68 1.56802
6932.96 1.54638
6946.24 1.52587
6959.53 1.50666
6972.81 1.48888
6999.37 1.45819
7012.65 1.44554
7025.93 1.43466
7039.22 1.42547
7052.5 1.41787
7065.78 1.41176
7079.06 1.40706
7092.34 1.40366
7105.62 1.40149
7118.9 1.40044
7132.19 1.40043
7145.47 1.40135
7158.75 1.40313
7172.03 1.40565
7185.31 1.40884
7198.59 1.4126
7211.88 1.41683
7225.16 1.42145
7238.44 1.42636
7251.72 1.43146
7265 1.43667
7278.28 1.4419
7291.56 1.44704
7304.85 1.452
7318.13 1.45671
7331.41 1.46105
7344.69 1.46494
7357.97 1.46828
7371.25 1.47099
7384.54 1.47296
7411.1 1.47435
7424.38 1.4736
7437.66 1.47185
7450.94 1.46912
7464.22 1.46541
7477.51 1.46076
7490.79 1.45515
7504.07 1.44862
7517.35 1.44117
7530.63 1.43282
7543.91 1.42358
7557.2 1.41346
7570.48 1.40248
7583.76 1.39065
7597.04 1.37797
7610.32 1.36448
7623.6 1.35017
7636.88 1.33507
7650.17 1.31918
7663.45 1.30252
7676.73 1.2851
7690.01 1.26693
7703.29 1.24803
7716.57 1.22842
7729.86 1.2081
7743.14 1.18708
7756.42 1.16539
7769.7 1.14303
7782.98 1.12001
7796.26 1.09636
7822.83 1.04719
7836.11 1.02175
7849.39 0.996021
7862.67 0.970329
7875.95 0.944987
7889.23 0.920312
7902.52 0.896621
7915.8 0.874231
7929.08 0.853458
7942.36 0.834621
7955.64 0.818035
7968.92 0.804017
7982.2 0.792884
7995.49 0.784953
8008.77 0.780541
8022.05 0.779965
8035.33 0.783542
8048.61 0.791587
8061.89 0.80442
8075.18 0.822355
8088.46 0.84571
8101.74 0.874803
8115.02 0.909948
8128.3 0.951465
8141.58 0.999669
8154.86 1.05488
8168.15 1.11741
8181.43 1.18757
8194.71 1.2657
8207.99 1.35209
8234.55 1.55096
8240.4 1.59956
8246.24 1.64989
8252.09 1.70189
8257.93 1.7555
8263.77 1.81066
8269.62 1.86732
8275.46 1.92543
8281.31 1.98491
8287.15 2.04572
8292.99 2.1078
8298.84 2.17108
8304.68 2.23552
8310.52 2.30105
8316.37 2.36762
8322.21 2.43517
8328.06 2.50364
8333.9 2.57297
8339.74 2.64311
8345.59 2.714
8351.43 2.78558
8357.28 2.8578
8363.12 2.93059
8368.96 3.00389
8374.81 3.07766
8380.65 3.15183
8386.49 3.22635
8392.34 3.30116
8398.18 3.37619
8404.03 3.4514
