0 30.5076
61.3652 66.1412
122.73 95.5916
184.096 119.522
245.461 138.543
306.826 153.218
368.191 164.063
429.557 171.555
490.922 176.125
552.287 178.172
613.652 178.055
675.018 176.103
736.383 172.613
797.748 167.853
859.113 162.064
920.478 155.463
981.844 148.243
1043.21 140.576
1104.57 132.614
1165.94 124.49
1227.3 116.32
1288.67 108.207
1350.04 100.235
1411.4 92.4798
1472.77 85.0019
1534.13 77.8523
1595.5 71.0718
1656.86 64.6924
1718.23 58.7381
1779.59 53.2253
1902.32 43.5599
1963.69 39.4112
2025.05 35.7133
2086.42 32.4574
2147.78 29.6313
2209.15 27.2201
2270.51 25.2064
2331.88 23.571
2393.24 22.2929
2454.61 21.3503
2515.97 20.7201
2577.34 20.3788
2638.7 20.3026
2700.07 20.4674
2761.44 20.8494
2822.8 21.425
2884.17 22.1712
2945.53 23.0653
3006.9 24.0857
3068.26 25.2113
3129.63 26.4221
3190.99 27.6992
3252.36 29.0245
3313.72 30.3812
3375.09 31.7537
3436.45 33.1273
3497.82 34.4887
3559.18 35.8258
3620.55 37.1276
3681.91 38.3842
3804.64 40.7287
3866.01 41.8026
3927.37 42.8034
3988.74 43.7269
4050.11 44.5696
4111.47 45.3291
4172.84 46.004
4234.2 46.5934
4295.57 47.0977
4356.93 47.5175
4418.3 47.8544
4479.66 48.1105
4541.03 48.2886
4602.39 48.3918
4663.76 48.4238
4725.12 48.3887
4786.49 48.291
4847.85 48.1354
4909.22 47.927
4970.58 47.6708
5031.95 47.3724
5093.31 47.0371
5154.68 46.6705
5216.04 46.2783
5277.41 45.866
5338.77 45.4391
5400.14 45.0032
5461.51 44.5635
5522.87 44.1254
5584.24 43.6937
5645.6 43.2735
5706.97 42.8694
5768.33 42.4857
5829.7 42.1267
5891.06 41.7962
5952.43 41.4979
6013.79 41.2351
6075.16 41.0108
6136.52 40.8278
6197.89 40.6885
6259.25 40.595
6320.62 40.549
6381.98 40.552
6443.35 40.6052
6504.71 40.7093
6566.08 40.865
6627.44 41.0723
6688.81 41.3314
6750.18 41.6417
6811.54 42.0027
6872.91 42.4135
6934.27 42.8729
6995.64 43.3795
7057 43.9317
7118.37 44.5278
7179.73 45.1655
7241.1 45.8428
7302.46 46.5573
7363.83 47.3064
7425.19 48.0874
7486.56 48.8976
7547.92 49.7341
7609.29 50.5939
7670.65 51.474
7732.02 52.3711
7793.38 53.2822
7854.75 54.2042
7916.11 55.1338
7977.48 56.0678
8038.85 57.0031
8100.21 57.9366
8161.58 58.8652
8222.94 59.7859
8284.31 60.6956
8345.67 61.5917
8407.04 62.4713
8468.4 63.3317
8529.77 64.1704
8591.13 64.985
8652.5 65.7732
8713.86 66.5328
8775.23 67.2618
8836.59 67.9584
8897.96 68.6209
8959.32 69.2477
9020.69 69.8374
9082.05 70.3889
9143.42 70.9011
9204.78 71.3732
9266.15 71.8044
9327.51 72.1942
9388.88 72.5422
9450.25 72.8483
9511.61 73.1124
9572.98 73.3346
9634.34 73.5153
9695.71 73.6549
9757.07 73.7539
9818.44 73.8132
9879.8 73.8335
9941.17 73.816
10002.5 73.7617
10063.9 73.6719
10125.3 73.548
10186.6 73.3914
10248 73.2037
10309.4 72.9866
10370.7 72.7417
10432.1 72.4709
10493.5 72.1761
10554.8 71.8592
10616.2 71.5221
10677.5 71.1668
10738.9 70.7954
10800.3 70.4099
10861.6 70.0124
10923 69.6049
10984.4 69.1894
11045.7 68.768
11107.1 68.3427
11168.5 67.9155
11229.8 67.4883
11291.2 67.063
11352.6 66.6414
11413.9 66.2253
11475.3 65.8163
11536.7 65.4162
11598 65.0265
11659.4 64.6486
11720.8 64.2839
11782.1 63.9338
11843.5 63.5994
11904.9 63.2817
11966.2 62.9819
12027.6 62.7007
12089 62.439
12150.3 62.1974
12211.7 61.9765
12273 61.7767
12334.4 61.5985
12395.8 61.4419
12457.1 61.3073
12518.5 61.1944
12579.9 61.1034
12641.2 61.0341
12702.6 60.986
12764 60.9589
12825.3 60.9524
12886.7 60.9657
12948.1 60.9984
13009.4 61.0497
13070.8 61.1188
13132.2 61.2048
13193.5 61.3069
13254.9 61.4241
13316.3 61.5553
13377.6 61.6995
13439 61.8556
13500.4 62.0225
13561.7 62.1989
13623.1 62.3838
13684.4 62.5759
13745.8 62.774
13807.2 62.977
13868.5 63.1838
13929.9 63.393
13991.3 63.6038
14052.6 63.8148
14114 64.0251
14175.4 64.2336
14236.7 64.4395
14298.1 64.6417
14359.5 64.8395
14420.8 65.0319
14482.2 65.2184
14543.6 65.3984
14604.9 65.5711
14666.3 65.7362
14727.7 65.8933
14789 66.042
14850.4 66.1822
14911.8 66.3138
14973.1 66.4367
15034.5 66.551
15095.8 66.6569
15157.2 66.7547
15218.6 66.8447
15279.9 66.9275
15341.3 67.0035
15402.7 67.0735
15464 67.1381
15525.4 67.1982
15586.8 67.2547
15648.1 67.3087
15709.5 67.3611
15770.9 67.4131
15832.2 67.466
15893.6 67.5208
15955 67.5791
16016.3 67.6421
16077.7 67.7112
16139.1 67.7878
16200.4 67.8734
16261.8 67.9694
16323.2 68.0773
16384.5 68.1985
16445.9 68.3345
16507.2 68.4867
16568.6 68.6565
16630 68.8452
16691.3 69.0542
16752.7 69.2846
16814.1 69.5377
16875.4 69.8145
16936.8 70.1161
16998.2 70.4434
17059.5 70.7972
17120.9 71.1781
17182.3 71.5869
17243.6 72.0238
17305 72.4893
17366.4 72.9835
17427.7 73.5065
17489.1 74.0581
17550.5 74.638
17611.8 75.2459
17673.2 75.881
17734.6 76.5427
17795.9 77.23
17857.3 77.9417
17918.6 78.6766
17980 79.4333
18041.4 80.21
18102.7 81.0049
18164.1 81.8162
18225.5 82.6417
18286.8 83.4791
18348.2 84.326
18409.6 85.1798
18470.9 86.0377
18532.3 86.8971
18593.7 87.7549
18655 88.608
18716.4 89.4535
18777.8 90.2879
18839.1 91.1082
18900.5 91.9108
18961.9 92.6926
19023.2 93.4501
19084.6 94.18
19146 94.8789
19207.3 95.5436
19268.7 96.1707
19330 96.7572
19391.4 97.2999
19452.8 97.796
19514.1 98.2426
19575.5 98.6371
19636.9 98.9771
19698.2 99.2603
19759.6 99.4846
19821 99.6484
19882.3 99.7501
19943.7 99.7885
20005.1 99.7627
20066.4 99.672
20127.8 99.5162
20189.2 99.2955
20250.5 99.0102
20311.9 98.6612
20373.3 98.2497
20434.6 97.7774
20496 97.2462
20557.4 96.6587
20618.7 96.0175
20680.1 95.3261
20741.4 94.5881
20802.8 93.8074
20864.2 92.9886
20925.5 92.1365
20986.9 91.2563
21048.3 90.3536
21109.6 89.4341
21171 88.5041
21232.4 87.5699
21293.7 86.6383
21355.1 85.7161
21416.5 84.8103
21477.8 83.9281
21539.2 83.0766
21600.6 82.2631
21661.9 81.4947
21723.3 80.7786
21784.7 80.1215
21846 79.5303
21907.4 79.0113
21968.8 78.5706
22030.1 78.2138
22091.5 77.946
22152.8 77.7718
22214.2 77.695
22275.6 77.7187
22336.9 77.8454
22398.3 78.0766
22459.7 78.4128
22521 78.8535
22582.4 79.3972
22643.8 80.0414
22705.1 80.7821
22766.5 81.6143
22827.9 82.5319
22889.2 83.5272
22950.6 84.5915
23012 85.7147
23073.3 86.8855
23134.7 88.0915
23196.1 89.3189
23257.4 90.5533
23318.8 91.7789
23380.2 92.9796
23441.5 94.1383
23502.9 95.2378
23564.2 96.2606
23625.6 97.1895
23687 98.0079
23748.3 98.6999
23809.7 99.2511
23871.1 99.6491
23932.4 99.8837
23993.8 99.9483
24055.2 99.8397
24116.5 99.5596
24177.9 99.1153
24239.3 98.5206
24300.6 97.7972
24362 96.9755
24423.4 96.0962
24484.7 95.2119
24546.1 94.3883
24607.5 93.7062
24668.8 93.2637
24730.2 93.1776
24736.5 93.1942
24742.8 93.2161
24749.1 93.2436
24755.4 93.2767
24761.7 93.3157
24768 93.3607
24774.2 93.4119
24780.5 93.4694
24786.8 93.5336
24793.1 93.6045
24799.4 93.6823
24805.7 93.7672
24812 93.8594
24818.3 93.9592
24824.6 94.0667
24830.9 94.182
24837.2 94.3055
24843.5 94.4374
24849.8 94.5777
24856.1 94.7269
24862.4 94.885
24868.7 95.0522
24874.9 95.2289
24881.2 95.4153
24887.5 95.6115
24893.8 95.8179
24900.1 96.0346
24906.4 96.2618
24912.7 96.5
24919 96.7492
